[0.25, 0.25, 0.25, 0.25, 0.25, 0.25, 0.25, 0.25, 0.25]
[0.575, 0.575, 0.575, 0.65, 0.675, 0.7, 0.7, 0.7, 0.8]
[0.35, 0.35, 0.4, 0.475, 0.575, 0.625, 0.675, 0.675, 0.7]
[0.7, 0.7, 0.775, 0.85, 0.85, 0.925, 1.0, 1.0, 1.0]
[0.4, 0.4, 0.5, 0.5, 0.5, 0.575, 0.575, 0.65, 0.675]
[0.55, 0.55, 0.55, 0.6, 0.7, 0.725, 0.775, 0.85, 0.9]
[0.6, 0.6, 0.625, 0.625, 0.65, 0.675, 0.725, 0.8, 0.85]
[0.25, 0.25, 0.25, 0.3, 0.325, 0.425, 0.525, 0.625, 0.7]
[0.625, 0.625, 0.675, 0.75, 0.775, 0.85, 0.85, 0.9, 1.0]
[0.75, 0.75, 0.75, 0.75, 0.825, 0.825, 0.85, 0.85, 0.875]
[0.325, 0.325, 0.4, 0.45, 0.475, 0.55, 0.575, 0.575, 0.6]
[0.475, 0.475, 0.575, 0.625, 0.65, 0.7, 0.7, 0.7, 0.775]
[0.475, 0.475, 0.55, 0.65, 0.675, 0.675, 0.675, 0.725, 0.75]
[0.4, 0.4, 0.45, 0.475, 0.475, 0.475, 0.525, 0.575, 0.675]
[0.4, 0.4, 0.4, 0.4, 0.4, 0.5, 0.55, 0.55, 0.6]
[0.75, 0.75, 0.775, 0.775, 0.8, 0.825, 0.825, 0.825, 0.925]
[0.55, 0.55, 0.625, 0.725, 0.725, 0.825, 0.85, 0.95, 0.95]
[0.8, 0.8, 0.85, 0.875, 0.925, 0.925, 0.975, 0.975, 0.975]
[0.3, 0.3, 0.35, 0.425, 0.5, 0.6, 0.7, 0.8, 0.825]
[0.25, 0.25, 0.25, 0.325, 0.425, 0.5, 0.6, 0.625, 0.7]
[0.45, 0.45, 0.45, 0.475, 0.5, 0.5, 0.6, 0.6, 0.65]
[0.75, 0.75, 0.8, 0.85, 0.925, 0.925, 0.925, 0.95, 0.975]
[0.425, 0.425, 0.475, 0.575, 0.575, 0.575, 0.675, 0.725, 0.775]
[0.65, 0.65, 0.65, 0.675, 0.775, 0.875, 0.875, 0.975, 1.0]
[0.625, 0.625, 0.65, 0.7, 0.75, 0.825, 0.925, 1.0, 1.0]
[0.425, 0.425, 0.475, 0.5, 0.55, 0.625, 0.65, 0.7, 0.75]
[0.825, 0.825, 0.85, 0.9, 1.0, 1.0, 1.0, 1.0, 1.0]
[1.0, 1.0, 1.0, 1.0, 1.0, 1.0, 1.0, 1.0, 1.0]